57 2 -0.26394536494321663 2.754113503642202 34.177371662847825 0.013733376574545724 77.0848 1331.1128 17.657501 6.7838936 132 1 
64 1 -0.04064547695069212 3.0430899928156228 34.02571461718816 0.0 71.4459 1368.4291 9.483337 6.669344 130 1 
44 2 -0.2896327751068847 3.033927802507925 34.008598685016764 0.08177453302775897 73.20835 1282.8197 12.815576 6.6993546 125 1 
63 1 0.03622344318575717 3.36965990829529 34.45956737465009 0.0 80.70853 1277.0491 13.54143 6.797254 131 1 
22 6 -0.47315019084535825 3.5959407538226547 34.53173268194154 1.483713234128017 79.85642 1320.0203 18.447338 6.768324 129 1 
66 1 -0.7818189574527523 2.886544788180306 33.640302961148514 0.0 71.81361 1424.2682 11.265587 6.676653 131 1 
45 1 0.022477664380277818 3.4667731583999974 33.72903760073068 0.0 94.59414 867.422 27.325453 6.6694384 126 1 
27 3 0.2344556253252504 4.11310000348429 33.69459300962401 0.050424874449621605 90.796715 764.7314 29.784712 6.688587 125 2 
22 3 -0.19148712345898267 4.46504756170143 33.81453240801007 0.05431460044619568 85.73882 907.24976 33.34536 6.766957 126 2 
26 2 -0.10022399061523429 3.958846523810632 33.78094268470237 0.024808519178170174 92.648735 776.64386 31.54082 6.6957946 123 2 
20 4 0.035978428482318026 4.312926796390014 33.48580368694641 0.4782294729720104 89.66196 800.6191 32.291668 6.695383 123 2 
22 0 0.04472727251272098 4.6181503981466525 0 0 76.5608 1142.406 27.652206 6.6834927 121 2 
24 3 -0.09878057893744074 4.035142224727787 33.719539878186964 0.02091453203923775 73.14492 896.6875 31.914425 6.696712 119 2 
30 4 -0.39767666079652453 3.388380590300194 33.919041076060566 0.027662414731596065 102.63951 497.0849 24.050684 6.3106217 118 2 
30 1 -0.05276410623453556 2.5370278175800136 33.71846353076298 0.0 95.86784 955.9017 36.383656 6.7713647 126 3 
28 1 -0.30576913761602637 2.3568885127745056 33.71846353076298 0.0 97.71919 875.6262 28.642248 6.7373443 129 3 
29 3 -0.25086584585291255 2.3015038999966935 33.71728171725761 0.012188292076181167 96.71904 937.01886 34.76734 6.7457533 128 3 
30 3 -0.228847061138019 2.0464937786526405 33.69567118385495 0.06154140378959453 87.941574 1306.4287 42.264374 6.885061 141 3 
77 1 -0.42951485455012783 2.7759475125645494 34.24523538847844 0.0 64.0381 1334.4167 7.783377 6.4963975 127 3 
34 2 -0.21032080327443814 2.4564900997132777 33.73163035616945 0.057482149139397705 78.97792 915.38635 39.694973 6.741756 123 3 
18 0 0.22634955534807805 1.6957867549392678 0 0 93.71491 590.42883 21.391241 6.4618945 122 3 
