57 2 -0.26394536494321663 2.754113503642202 34.177371662847825 0.013733376574545724 77.0848 1331.1128 17.657501 6.7838936 132 1 
64 1 -0.04064547695069212 3.0430899928156228 34.02571461718816 0.0 71.4459 1368.4291 9.483337 6.669344 130 1 
44 2 -0.2896327751068847 3.033927802507925 34.008598685016764 0.08177453302775897 73.20835 1282.8197 12.815576 6.6993546 125 1 
63 1 0.03622344318575717 3.36965990829529 34.45956737465009 0.0 80.70853 1277.0491 13.54143 6.797254 131 1 
22 6 -0.47315019084535825 3.5959407538226547 34.53173268194154 1.483713234128017 79.85642 1320.0203 18.447338 6.768324 129 1 
66 1 -0.7818189574527523 2.886544788180306 33.640302961148514 0.0 71.81361 1424.2682 11.265587 6.676653 131 1 
45 1 0.022477664380277818 3.4667731583999974 33.72903760073068 0.0 94.59414 867.422 27.325453 6.6694384 126 1 
27 3 0.2344556253252504 4.11310000348429 33.69459300962401 0.050424874449621605 90.796715 764.7314 29.784712 6.688587 125 2 
22 3 -0.19148712345898267 4.46504756170143 33.81453240801007 0.05431460044619568 85.73882 907.24976 33.34536 6.766957 126 2 
26 2 -0.10022399061523429 3.958846523810632 33.78094268470237 0.024808519178170174 92.648735 776.64386 31.54082 6.6957946 123 2 
20 4 0.035978428482318026 4.312926796390014 33.48580368694641 0.4782294729720104 89.66196 800.6191 32.291668 6.695383 123 2 
22 0 0.04472727251272098 4.6181503981466525 0 0 76.5608 1142.406 27.652206 6.6834927 121 2 
24 3 -0.09878057893744074 4.035142224727787 33.719539878186964 0.02091453203923775 73.14492 896.6875 31.914425 6.696712 119 2 
30 4 -0.39767666079652453 3.388380590300194 33.919041076060566 0.027662414731596065 102.63951 497.0849 24.050684 6.3106217 118 2 
30 1 -0.05276410623453556 2.5370278175800136 33.71846353076298 0.0 95.86784 955.9017 36.383656 6.7713647 126 3 
28 1 -0.30576913761602637 2.3568885127745056 33.71846353076298 0.0 97.71919 875.6262 28.642248 6.7373443 129 3 
29 3 -0.25086584585291255 2.3015038999966935 33.71728171725761 0.012188292076181167 96.71904 937.01886 34.76734 6.7457533 128 3 
30 3 -0.228847061138019 2.0464937786526405 33.69567118385495 0.06154140378959453 87.941574 1306.4287 42.264374 6.885061 141 3 
77 1 -0.42951485455012783 2.7759475125645494 34.24523538847844 0.0 64.0381 1334.4167 7.783377 6.4963975 127 3 
34 2 -0.21032080327443814 2.4564900997132777 33.73163035616945 0.057482149139397705 78.97792 915.38635 39.694973 6.741756 123 3 
18 0 0.22634955534807805 1.6957867549392678 0 0 93.71491 590.42883 21.391241 6.4618945 122 3 
37 5 -0.21085116935950757 2.9386792622203477 33.84337852156126 0.01938070976467071 107.60732 727.3392 34.26642 6.65153 130 4 
27 7 -0.669416978693579 3.05252018445361 33.77669361434179 0.026214320202256846 110.96747 721.50275 27.9463 6.554395 128 4 
28 5 -0.15595906295247325 3.6680312096256027 33.72593005401572 0.030869059797558794 111.25302 727.30493 32.627094 6.5792475 129 4 
27 4 -0.54532242475847 2.278159561062648 33.50506295084818 0.11881108505780516 114.497284 500.04852 32.91497 6.382036 127 4 
34 12 -0.8647732193956318 2.2579128967377837 33.89085695824855 0.5831587419382622 102.15826 899.57654 34.704563 6.735077 129 4 
42 3 0.24613468853575324 3.567438102715234 33.662347290867174 0.047411987339142675 95.14303 1043.2054 45.172215 6.837928 133 4 
35 2 -0.4174791606946559 2.7753238482771896 33.42312364007414 0.00024380995276064923 90.539894 1171.5505 44.194447 6.8576074 131 4 
67 3 -0.13499677685919798 2.9133728595478736 34.54534286006838 1.4836027055702126 79.89517 1326.3644 28.548311 6.8476973 132 5 
71 1 -0.17550193259922642 2.7792610293598283 36.02671677785537 0.0 90.60826 1055.266 44.544422 6.8311057 129 5 
43 3 -0.29253678868200317 2.5894483804081547 34.700663231820926 0.8800835174648626 91.587875 1008.7203 41.289852 6.8053308 127 5 
29 3 -0.12864768869675222 2.60516752530441 34.58228966039943 1.475788854637167 86.56493 1381.9711 36.19457 6.833219 133 5 
61 1 -0.037387400023669415 3.2534723506659 33.873891410758176 0.0 69.21409 1386.4504 8.512011 6.5494785 125 5 
46 1 -0.3879535634027375 2.6801553637907514 36.57135790222272 0.0 68.3565 1127.203 12.856425 6.6660924 122 5 
16 2 -0.0920469405938161 3.6577414328804796 34.902547683533385 1.8300681994726868 87.61158 716.1339 33.411526 6.593558 123 5 
23 4 -0.11532414125910352 3.131969670157632 34.733514174261735 1.56966242767165 94.46297 1253.7538 40.136597 6.844543 133 6 
25 4 0.10645999556666506 3.425871505866049 34.21064387022802 1.3799833167266538 100.59081 1019.71747 39.96279 6.768832 137 6 
23 4 -0.15436687365030008 3.4320693982779567 34.23794993737948 1.1724237670306694 102.84534 904.249 35.78848 6.687725 128 6 
19 4 -0.2740658721596915 3.5277579886319113 33.32994987439607 0.057129642221545616 95.403564 1282.2418 27.048944 6.8164577 131 6 
28 1 0.02205557259426873 3.80033419344426 33.61588481056504 0.0 125.14621 560.0465 15.329681 6.112537 132 6 
28 1 0.6231878024330817 3.9530616634364413 33.510704898656705 0.0 102.720665 1089.1165 33.24463 6.7955413 134 6 
40 1 0.5345001998337638 4.113814676986875 33.28613668674643 0.0 116.44083 657.59064 29.6682 6.4906654 134 6 
21 7 0.1591764648936638 4.130122291608922 34.927385237649666 1.4094407813824035 105.30117 933.5472 31.265726 6.6810765 132 7 
22 4 0.030871803633839245 4.150409786398028 34.0229673971469 1.1406856816085182 109.76711 775.3203 31.855143 6.6061187 129 7 
18 4 0.39784581239982647 3.721120813539506 34.197661041162625 1.3084632874646012 110.41802 685.8384 28.768171 6.5271792 127 7 
17 9 0.035084145377973525 4.244954302550024 34.41857093695377 1.0146049333644696 102.92112 1030.7386 35.8144 6.7025905 129 7 
24 5 -0.04404817594991739 3.96964464087486 33.92107402591423 1.2327042195085223 106.1381 901.10913 33.08097 6.6992884 129 7 
29 3 -0.02451378678237697 3.561204346371185 33.94278811278936 0.10836409375051748 100.89225 841.3333 37.97309 6.702676 127 7 
27 1 -0.23090355303222482 3.9098125529934693 34.01455249584453 0.0 113.53177 506.2047 28.77134 6.382747 130 7 
35 1 0.2738765659476986 2.9248827037163054 36.4583862983013 0.0 106.23749 742.59955 32.24504 6.550776 131 8 
55 9 0.29621133357074464 3.354059432478468 33.815370576104144 0.30000191618449656 96.69329 1029.881 44.93015 6.7375956 131 8 
53 1 0.4263164883393664 3.426484811475893 35.905032988998066 0.0 100.50011 967.8763 43.037514 6.693989 130 8 
56 11 -0.0703285087291922 2.652343694161119 33.89766605722509 0.4589271158166461 100.700714 833.40186 33.470146 6.677639 126 8 
112 4 0.11667651535952774 3.340474381194992 34.35872800606634 0.9338947563534957 74.545105 1748.2853 7.1063046 6.523433 135 8 
82 1 0.3900183739850488 3.0901063895279663 33.8577052878515 0.0 81.03386 1538.4336 10.3287945 6.7154512 134 8 
79 2 0.13777216369812315 2.992372805889054 33.96450909826257 0.6125835183086641 92.73536 1141.0323 46.23235 6.7946897 132 8 
85 3 -0.00033497967717012646 3.3528913182463893 33.43977715991305 0.009198358510443216 106.46 775.6874 34.768288 6.664064 130 9 
53 2 -0.0980212209583579 3.2231696124519678 34.02133576412399 0.0007943345372964383 111.94832 578.22955 30.24175 6.481364 130 9 
69 1 -0.3435770979782196 3.0071942320141485 33.41826985054923 0.0 113.5463 570.2773 32.738297 6.493129 129 9 
92 2 -0.21926906660346593 2.5882377296449928 33.89486991227284 0.0011479678493268976 110.26943 549.09814 29.45521 6.4848876 129 9 
49 0 -0.17810866138939688 3.151645796860367 0 0 82.53502 1305.1274 27.449375 6.838779 130 9 
86 1 -0.2958106910046507 2.9390564940808903 33.72903760073068 0.0 72.82821 1414.7808 16.045658 6.7156057 128 9 
67 2 -0.0955512769887617 3.6243544348842343 34.75563228828121 2.3733900190533825 108.46452 606.1941 36.01248 6.534094 129 9 
